2016 01 01 17 56
2016 01 02 08 04
2016 01 02 21 26
2016 01 04 16 12
2016 01 04 21 34
2016 01 04 21 43
2016 01 05 12 31
2016 01 06 20 12
2016 01 07 19 49
2016 01 08 02 03
2016 01 08 02 27
2016 01 08 04 43
2016 01 08 08 25
2016 01 10 12 48
2016 01 11 08 52
2016 01 11 21 11
2016 01 12 01 51
2016 01 13 04 29
2016 01 14 05 16
2016 01 14 11 00
2016 01 14 22 21
2016 01 15 04 18
2016 01 17 02 08
2016 01 17 13 28
2016 01 18 09 11
2016 01 18 18 17
2016 01 19 00 50
2016 01 19 04 19
2016 01 19 22 27
2016 01 22 12 59
2016 01 23 01 29
2016 01 23 23 39
2016 01 24 01 04
2016 01 24 08 44
2016 01 25 03 06
2016 01 26 03 52
2016 01 26 16 17
2016 01 26 22 46
2016 01 27 22 20
2016 01 28 08 22
2016 01 28 08 36
2016 02 04 00 13
2016 02 04 15 39
2016 02 05 15 07
2016 02 07 00 30
2016 02 07 03 41
2016 02 08 13 22
2016 02 08 13 25
2016 02 08 21 38
2016 02 09 04 05
2016 02 09 04 25
2016 02 09 11 27
2016 02 11 01 57
2016 02 12 22 29
2016 02 13 08 55
2016 02 13 11 36
2016 02 14 11 32
2016 02 14 12 59
2016 02 15 02 44
2016 02 15 08 04
2016 02 16 19 28
2016 02 16 23 57
2016 02 17 00 07
2016 02 17 15 06
2016 02 18 17 21
2016 02 18 21 13
2016 02 19 16 04
2016 02 19 17 24
2016 02 20 07 04
2016 02 20 17 46
2016 02 21 00 56
2016 02 21 11 04
2016 02 21 12 15
2016 02 22 15 35
2016 02 22 17 02
2016 02 22 22 38
2016 02 23 10 50
2016 02 25 06 38
2016 02 25 13 29
2016 02 26 22 17
2016 02 27 03 49
2016 02 27 17 00
2016 02 28 02 43
2016 03 01 20 25
2016 03 02 00 29
2016 03 02 05 15
2016 03 03 11 54
2016 03 03 13 31
2016 03 03 22 18
2016 03 03 23 07
2016 03 04 01 23
2016 03 06 07 54
2016 03 07 14 26
2016 03 09 00 13
2016 03 09 02 04
2016 03 09 12 42
2016 03 10 01 01
2016 03 10 07 03
2016 03 10 08 55
2016 03 10 15 41
2016 03 10 18 01
2016 03 11 08 41
2016 03 12 08 23
2016 03 13 00 39
2016 03 13 00 54
2016 03 14 21 35
2016 03 16 09 52
2016 03 16 12 42
2016 03 16 12 51
2016 03 16 22 45
2016 03 17 13 50
2016 03 17 14 43
2016 03 17 18 49
2016 03 18 02 13
2016 03 18 14 09
2016 03 19 22 48
2016 03 20 05 33
2016 03 20 19 08
2016 03 20 22 35
2016 03 21 03 10
2016 03 21 05 30
2016 03 24 15 10
2016 03 25 14 34
2016 03 26 14 50
2016 03 26 20 04
2016 03 26 21 17
2016 03 27 00 13
2016 03 27 02 11
2016 03 27 10 51
2016 03 27 18 27
2016 03 28 14 59
2016 03 28 19 13
2016 04 01 00 20
2016 04 01 05 32
2016 04 01 11 02
2016 04 01 23 37
2016 04 03 06 53
2016 04 03 12 15
2016 04 04 05 16
2016 04 04 10 40
2016 04 04 21 28
2016 04 05 10 01
2016 04 08 09 45
2016 04 08 12 50
2016 04 09 01 06
2016 04 09 02 45
2016 04 09 03 04
2016 04 09 08 24
2016 04 09 16 09
2016 04 09 21 01
2016 04 10 08 38
2016 04 10 18 09
2016 04 11 12 09
2016 04 11 18 03
2016 04 12 05 56
2016 04 12 13 25
2016 04 12 17 24
2016 04 12 17 38
2016 04 12 21 32
2016 04 13 02 35
2016 04 13 06 27
2016 04 13 12 47
2016 04 13 22 47
2016 04 16 15 14
2016 04 17 09 09
2016 04 17 13 55
2016 04 17 20 22
2016 04 18 08 19
2016 04 19 04 35
2016 04 20 09 14
2016 04 20 11 46
2016 04 20 16 14
2016 04 20 20 00
2016 04 20 20 44
2016 04 22 13 50
2016 04 22 23 45
2016 04 24 03 16
2016 04 24 07 20
2016 04 24 18 01
2016 04 24 22 41
2016 04 25 00 20
2016 04 25 12 55
2016 04 25 16 25
2016 04 25 23 12
2016 04 27 23 43
2016 04 28 03 43
2016 04 28 07 55
2016 05 01 07 23
2016 05 01 15 42
2016 05 02 16 57
2016 05 03 22 21
2016 05 05 10 49
2016 05 05 16 22
2016 05 06 21 30
2016 05 06 23 56
2016 05 07 13 20
2016 05 07 16 30
2016 05 08 12 52
2016 05 08 19 47
2016 05 08 21 07
2016 05 09 02 58
2016 05 09 03 05
2016 05 10 00 30
2016 05 10 01 42
2016 05 13 07 33
2016 05 14 13 59
2016 05 14 16 26
2016 05 14 17 45
2016 05 15 17 52
2016 05 16 10 31
2016 05 17 13 18
2016 05 17 20 10
2016 05 18 12 48
2016 05 18 21 12
2016 05 19 09 34
2016 05 19 15 31
2016 05 19 17 16
2016 05 20 04 26
2016 05 22 00 29
2016 05 22 20 21
2016 05 23 14 45
2016 05 24 01 58
2016 05 25 18 50
2016 05 25 23 44
2016 05 26 01 01
2016 05 26 14 04
2016 05 27 21 26
2016 05 27 23 49
2016 05 28 05 18
2016 05 28 05 46
2016 06 01 06 10
2016 06 04 06 49
2016 06 05 13 57
2016 06 06 07 10
2016 06 06 12 04
2016 06 07 08 02
2016 06 08 16 40
2016 06 09 09 25
2016 06 09 14 11
2016 06 09 21 00
2016 06 09 21 51
2016 06 10 17 35
2016 06 10 19 47
2016 06 11 07 48
2016 06 12 12 59
2016 06 13 00 06
2016 06 13 10 06
2016 06 13 19 50
2016 06 14 16 47
2016 06 17 13 29
2016 06 18 13 05
2016 06 18 13 55
2016 06 19 10 40
2016 06 19 13 33
2016 06 21 07 08
2016 06 21 23 25
2016 06 22 13 19
2016 06 22 23 16
2016 06 23 04 56
2016 06 23 07 19
2016 06 24 07 47
2016 06 26 10 38
2016 06 26 10 53
2016 06 27 22 19
2016 07 01 01 12
2016 07 01 03 12
2016 07 01 18 13
2016 07 01 18 38
2016 07 02 09 49
2016 07 02 15 53
2016 07 03 04 05
2016 07 03 17 08
2016 07 04 02 48
2016 07 04 12 25
2016 07 05 07 26
2016 07 06 09 35
2016 07 06 16 54
2016 07 07 06 24
2016 07 08 05 40
2016 07 08 12 14
2016 07 09 18 12
2016 07 11 14 26
2016 07 11 17 25
2016 07 12 20 12
2016 07 12 20 19
2016 07 14 15 02
2016 07 15 08 43
2016 07 15 08 55
2016 07 16 10 53
2016 07 16 20 37
2016 07 17 12 34
2016 07 18 21 39
2016 07 18 23 44
2016 07 19 10 15
2016 07 21 11 14
2016 07 22 02 15
2016 07 23 14 39
2016 07 23 17 39
2016 07 23 18 29
2016 07 23 21 02
2016 07 25 04 09
2016 07 26 05 48
2016 07 26 20 54
2016 08 02 08 20
2016 08 02 17 01
2016 08 03 13 46
2016 08 04 11 19
2016 08 07 06 01
2016 08 07 18 42
2016 08 08 01 42
2016 08 08 11 48
2016 08 08 19 08
2016 08 10 14 38
2016 08 12 04 54
2016 08 12 13 54
2016 08 14 13 35
2016 08 17 22 05
2016 08 19 00 59
2016 08 21 00 18
2016 08 21 04 34
2016 08 21 06 12
2016 08 23 19 13
2016 08 24 00 24
2016 08 24 09 37
2016 08 28 01 30
2016 08 28 05 13
2016 08 28 18 36
2016 09 01 19 16
2016 09 02 05 53
2016 09 02 15 11
2016 09 02 17 05
2016 09 02 21 55
2016 09 03 10 35
2016 09 04 01 55
2016 09 04 09 26
2016 09 04 09 49
2016 09 04 15 24
2016 09 05 08 57
2016 09 05 23 54
2016 09 06 20 36
2016 09 07 12 01
2016 09 07 20 26
2016 09 09 17 49
2016 09 10 05 55
2016 09 11 00 20
2016 09 11 13 00
2016 09 12 04 20
2016 09 12 20 09
2016 09 13 15 01
2016 09 13 20 13
2016 09 13 21 20
2016 09 13 21 20
2016 09 16 10 56
2016 09 16 13 17
2016 09 17 07 48
2016 09 17 08 51
2016 09 18 21 30
2016 09 19 02 56
2016 09 19 10 49
2016 09 19 17 15
2016 09 19 19 34
2016 09 20 13 29
2016 09 20 22 45
2016 09 22 09 10
2016 09 23 04 04
2016 09 23 21 45
2016 09 25 03 41
2016 09 25 05 12
2016 09 25 11 02
2016 09 26 01 41
2016 09 26 14 05
2016 09 27 08 03
2016 09 28 19 09
2016 10 01 16 26
2016 10 02 11 59
2016 10 04 00 31
2016 10 04 01 54
2016 10 04 14 14
2016 10 04 14 29
2016 10 06 14 38
2016 10 07 07 35
2016 10 08 12 07
2016 10 09 16 06
2016 10 09 17 38
2016 10 11 09 58
2016 10 11 21 05
2016 10 12 19 03
2016 10 12 21 23
2016 10 13 00 10
2016 10 13 16 26
2016 10 13 20 20
2016 10 14 18 55
2016 10 15 14 51
2016 10 17 02 53
2016 10 17 03 06
2016 10 18 02 50
2016 10 18 12 15
2016 10 19 16 03
2016 10 20 12 44
2016 10 20 19 53
2016 10 20 21 59
2016 10 21 02 17
2016 10 21 09 12
2016 10 21 23 11
2016 10 25 05 34
2016 10 25 07 44
2016 10 27 07 58
2016 10 28 04 10
2016 10 28 13 04
2016 11 02 08 49
2016 11 02 12 06
2016 11 02 14 23
2016 11 03 13 25
2016 11 04 05 57
2016 11 05 15 35
2016 11 06 15 43
2016 11 07 00 55
2016 11 07 15 34
2016 11 09 08 38
2016 11 09 10 27
2016 11 10 05 10
2016 11 10 07 51
2016 11 10 12 36
2016 11 10 20 10
2016 11 10 23 25
2016 11 11 05 14
2016 11 11 13 45
2016 11 13 03 39
2016 11 14 14 20
2016 11 16 10 12
2016 11 16 16 27
2016 11 17 14 52
2016 11 17 20 08
2016 11 19 10 16
2016 11 20 08 03
2016 11 21 16 38
2016 11 23 06 06
2016 11 23 08 24
2016 11 24 10 12
2016 11 24 13 05
2016 11 25 03 48
2016 11 25 12 02
2016 11 26 07 28
2016 11 26 08 21
2016 11 26 21 21
2016 11 27 21 53
2016 11 28 02 28
2016 11 28 07 49
2016 11 28 17 38
2016 11 28 19 56
2016 12 01 21 20
2016 12 02 23 14
2016 12 04 09 38
2016 12 04 11 25
2016 12 04 19 23
2016 12 05 17 23
2016 12 05 19 47
2016 12 06 01 21
2016 12 07 07 00
2016 12 07 20 50
2016 12 08 00 06
2016 12 08 17 43
2016 12 08 20 44
2016 12 09 04 00
2016 12 10 18 40
2016 12 10 18 57
2016 12 11 01 16
2016 12 11 03 48
2016 12 11 18 50
2016 12 11 20 13
2016 12 11 22 14
2016 12 12 11 04
2016 12 12 16 24
2016 12 14 00 34
2016 12 14 06 38
2016 12 14 07 28
2016 12 15 18 06
2016 12 16 01 45
2016 12 16 09 39
2016 12 16 10 56
2016 12 16 15 59
2016 12 16 23 06
2016 12 17 03 39
2016 12 17 08 30
2016 12 18 14 22
2016 12 20 02 06
2016 12 20 07 56
2016 12 20 12 20
2016 12 20 22 43
2016 12 22 02 28
2016 12 22 05 27
2016 12 22 07 12
2016 12 24 20 14
2016 12 25 07 42
2016 12 25 20 17
2016 12 27 00 30
2016 12 27 09 05
2016 12 27 09 18
2016 12 27 11 32
2016 12 27 14 24
